64.3903728436,120.60029684,3594
1.56251740462,3.43739522293,3591
169.892672641,142.708280667,1897
2.75904284919,6.91307995108,3594
83.2937508973,27.2344099364,117012
2.91052882325,0.659171679493,2099
117.228417266,135.986377265,2780
335.044467787,1005.07840975,2856
444.980775952,1367.7176053,2861
2.83818308388,5.66904645246,2873
27.5626813327,23.5046438958,12546
157.424460432,46.0953302595,278
1.51289146119,1.65004641856,12613
59.1855931816,10.2333579555,131174
0.545134916259,0.182029721712,29018
11.3876139293,3.97086351802,55078
141.982086497,68.0586773989,11723
23.1059810952,4.71906558836,12272
30.6342452488,4.95864063511,16522
87.4681264593,15.3223193404,206011
4.14293850535,0.709754246202,12993
2.96027414244,2.54194169552,7259
2.03044117647,0.424558070413,12240
79.6356256514,13.2678700315,131439
1.0,0.0,28023
139.146882936,5.1793711637,12207
57.9431869522,13.404829726,88536
76.7355003034,13.2899674888,87337
118.503801724,19.3107068232,88644
40.4336084343,8.90741464284,20962
151.008548233,84.831702507,20940
7.45693484316,7.02700710139,21901
190.548457563,106.430799411,12772
19.7463509965,4.95453277258,49123
96.6198698834,3.30505772459,7378
118.551089135,18.5077541751,131251
37.0015819916,1.24412540204,78319
6.96347607053,9.62934021296,397
1.16050823155,2.57217924282,1883
120.512410101,170.560246692,123472
12.7185650609,7.8050320621,11666
